# Camera list with one line of data per camera:
#   CAMERA_ID, MODEL, WIDTH, HEIGHT, PARAMS[]
# Number of cameras: 100
1 PINHOLE 800 800 1116.6202778739814 1116.0017202856143 400 400
2 PINHOLE 800 800 1109.9811232926638 1110.465316732174 400 400
3 PINHOLE 800 800 1153.9116700505429 1163.2657636830866 400 400
4 PINHOLE 800 800 1140.1752067607556 1143.9774261687619 400 400
5 PINHOLE 800 800 1113.7180735368761 1119.7552936741424 400 400
6 PINHOLE 800 800 1131.0562887487113 1142.1171592683552 400 400
7 PINHOLE 800 800 1106.1499292722222 1118.0006669779098 400 400
8 PINHOLE 800 800 1101.2107503415286 1100.4991576809955 400 400
9 PINHOLE 800 800 1150.7834739225175 1156.9181466733369 400 400
10 PINHOLE 800 800 1129.3615792969097 1134.936958747119 400 400
11 PINHOLE 800 800 1130.4761696584012 1146.5702003964345 400 400
12 PINHOLE 800 800 1128.5555823947525 1132.1257108870377 400 400
13 PINHOLE 800 800 1105.5962916300002 1116.0791004469579 400 400
14 PINHOLE 800 800 1124.5592616368069 1126.4378898525099 400 400
15 PINHOLE 800 800 1115.334169225662 1123.1119768364501 400 400
16 PINHOLE 800 800 1109.0588290190592 1109.6488474309099 400 400
17 PINHOLE 800 800 1145.5704654951148 1150.6015687092074 400 400
18 PINHOLE 800 800 1090.5559529449094 1100.0733718101374 400 400
19 PINHOLE 800 800 1095.4162656335561 1102.7614156768307 400 400
20 PINHOLE 800 800 1102.0266145603325 1113.8838345409106 400 400
21 PINHOLE 800 800 1118.776089204893 1124.402655910741 400 400
22 PINHOLE 800 800 1107.0309018820142 1117.4999842310599 400 400
23 PINHOLE 800 800 1134.2825728592895 1141.712401721325 400 400
24 PINHOLE 800 800 1137.5974410057631 1146.4954430345067 400 400
25 PINHOLE 800 800 1131.5287585038918 1132.7108699262296 400 400
26 PINHOLE 800 800 1102.7126801475806 1115.9476745466623 400 400
27 PINHOLE 800 800 1098.1443659244185 1110.9906932328613 400 400
28 PINHOLE 800 800 1127.918328630795 1136.7998437482772 400 400
29 PINHOLE 800 800 1133.8005103929493 1136.839863835826 400 400
30 PINHOLE 800 800 1121.00234387551 1122.8406009819685 400 400
31 PINHOLE 800 800 1097.5334071453153 1096.4542203998562 400 400
32 PINHOLE 800 800 1119.2674785107145 1128.8643946445632 400 400
33 PINHOLE 800 800 1113.8318345530845 1120.4688863310657 400 400
34 PINHOLE 800 800 1125.2404695107114 1127.8341442744927 400 400
35 PINHOLE 800 800 1124.2859309266607 1127.2786515608377 400 400
36 PINHOLE 800 800 1116.588140066679 1121.1867225087228 400 400
37 PINHOLE 800 800 1108.7906274903482 1113.6764950033619 400 400
38 PINHOLE 800 800 1123.7581780799153 1126.9891673397324 400 400
39 PINHOLE 800 800 1115.1991599554322 1122.9204327306913 400 400
40 PINHOLE 800 800 1130.6333400982041 1135.3311152769488 400 400
41 PINHOLE 800 800 1119.2599215370828 1127.2767191254093 400 400
42 PINHOLE 800 800 1120.1346813445989 1128.4502551913567 400 400
43 PINHOLE 800 800 1110.8776385531746 1113.9393780325302 400 400
44 PINHOLE 800 800 1110.5614303565785 1113.9676156719706 400 400
45 PINHOLE 800 800 1115.3778761461776 1122.9166099892341 400 400
46 PINHOLE 800 800 1119.233961153285 1131.174381111864 400 400
47 PINHOLE 800 800 1113.2853322714689 1127.265070568543 400 400
48 PINHOLE 800 800 1130.6456954718212 1141.0252025123402 400 400
49 PINHOLE 800 800 1118.9141466800445 1122.9988295186554 400 400
50 PINHOLE 800 800 1136.2363829153303 1137.2881029857783 400 400
51 PINHOLE 800 800 1112.9802860358793 1115.8678555029044 400 400
52 PINHOLE 800 800 1128.5388448879974 1137.0429832722098 400 400
53 PINHOLE 800 800 1088.1385822321167 1098.8974129489782 400 400
54 PINHOLE 800 800 1107.5154596075283 1107.8724729983082 400 400
55 PINHOLE 800 800 1099.7577106244948 1100.0094458088156 400 400
56 PINHOLE 800 800 1132.6184292759617 1144.0313537550326 400 400
57 PINHOLE 800 800 1121.8841730141232 1135.5537877981628 400 400
58 PINHOLE 800 800 1129.9771859761115 1141.2499898722783 400 400
59 PINHOLE 800 800 1121.0168434912298 1125.2975188786363 400 400
60 PINHOLE 800 800 1116.011332874602 1124.692137499507 400 400
61 PINHOLE 800 800 1102.028989899318 1106.9553681607877 400 400
62 PINHOLE 800 800 1106.2514417762557 1106.1303396123153 400 400
63 PINHOLE 800 800 1094.7665526191824 1095.2131302784965 400 400
64 PINHOLE 800 800 1097.2648526852224 1107.3574125926493 400 400
65 PINHOLE 800 800 1100.2128008961211 1108.9337964195577 400 400
66 PINHOLE 800 800 1085.4202641298079 1087.1360812725636 400 400
67 PINHOLE 800 800 1151.076151664221 1159.1780915576617 400 400
68 PINHOLE 800 800 1109.9983870181954 1118.1032615280835 400 400
69 PINHOLE 800 800 1105.3872494859402 1119.7305110402499 400 400
70 PINHOLE 800 800 1116.5249471854763 1116.243118924381 400 400
71 PINHOLE 800 800 1113.2762180117641 1123.6515722512127 400 400
72 PINHOLE 800 800 1123.2985556139149 1130.6668712870026 400 400
73 PINHOLE 800 800 1134.1055043285296 1136.8832538495137 400 400
74 PINHOLE 800 800 1125.0456705344959 1127.645494604159 400 400
75 PINHOLE 800 800 1110.9634051741721 1124.1755787878353 400 400
76 PINHOLE 800 800 1102.6606740783982 1106.3704487460011 400 400
77 PINHOLE 800 800 1116.4283537717986 1119.3262654205596 400 400
78 PINHOLE 800 800 1109.2970279549552 1109.6269482996665 400 400
79 PINHOLE 800 800 1106.2687457523782 1115.689104594748 400 400
80 PINHOLE 800 800 1111.9779496581803 1125.9128777906731 400 400
81 PINHOLE 800 800 1128.8787676111065 1132.5536424976988 400 400
82 PINHOLE 800 800 1107.4148763250855 1111.7356306182196 400 400
83 PINHOLE 800 800 1116.5517636760123 1119.2834708645958 400 400
84 PINHOLE 800 800 1130.2072873199304 1131.8134107623637 400 400
85 PINHOLE 800 800 1126.1363659089011 1133.7099802447503 400 400
86 PINHOLE 800 800 1139.9159486288393 1148.2536025141285 400 400
87 PINHOLE 800 800 1127.5222119697137 1135.1841787989904 400 400
88 PINHOLE 800 800 1132.7525593702369 1139.4721606611949 400 400
89 PINHOLE 800 800 1127.8354159975124 1135.8877444230459 400 400
90 PINHOLE 800 800 1140.8840984076753 1145.8476923076287 400 400
91 PINHOLE 800 800 1129.4884187441921 1136.0072054987079 400 400
92 PINHOLE 800 800 1150.3868499136624 1163.3281421860984 400 400
93 PINHOLE 800 800 1095.0327607148347 1104.4739296054704 400 400
94 PINHOLE 800 800 1134.1534631208258 1142.1116776904075 400 400
95 PINHOLE 800 800 1114.3689083497968 1115.0190112840862 400 400
96 PINHOLE 800 800 1116.1700015711228 1126.7004554143616 400 400
97 PINHOLE 800 800 1124.7105492234466 1131.4200163692176 400 400
98 PINHOLE 800 800 1101.9582070295417 1102.0439225101984 400 400
99 PINHOLE 800 800 1108.3149692523043 1118.8305558579946 400 400
100 PINHOLE 800 800 1109.9971921679612 1117.8430029176934 400 400
